905
905
398
398
251
251
241
219
196
196
192
188
188
186
186
179
173
173
170
170
169
169
162
160
154
154
153
149
149
149
148
141
141
141
141
140
133
133
132
131
131
131
131
130
126
126
124
124
124
123
122
122
119
119
118
117
117
117
114
113
112
112
109
109
107
102
100
98
94
88
88
86
83
83
82
78
78
78
76
76
76
76
75
74
72
72
71
70
68
68
67
67
67
67
67
67
66
66
65
64
64
63
63
62
62
62
60
60
59
59
54
54
54
53
51
51
48
46
45
45
44
44
43
43
42
39
38
37
36
34
33
33
32
32
30
29
29
27
27
25
25
24
23
21
21
18
16
15
15
15
14
13
13
12
12
12
12
11
11
11
10
10
10
10
9
9
9
9
9
6
5
5
5
5
5
5
